251_c.png:0.9009963040642787 256.8969236752721 14.288124548547751 -1.5450433547878266 0.0 0.0 0.0 0.0 0.0 0.0 0.0 0.0 0.0 0.0 0.0 0.0 0.8686742141774374 256.8828232967338 30.970072510767213 -1.744615717970799 0.0 0.0 0.0 0.0 0.0 0.0 0.0 0.0 0.0 0.0 0.0 0.0 0.9259075969362435 256.9025158001865 18.895542250739204 -1.4489833921444892 0.0 0.0 0.0 0.0 0.0 0.0 0.0 0.0 0.0 0.0 0.0 0.0 0.874597911128477 256.8873673005612 33.968159646980176 -1.6837475148293362 0.0 0.0 0.0 0.0 0.0 0.0 0.0 0.0 0.0 0.0 0.0 0.0 
251_l.png:0.880350940737193 256.864575910815 17.26216516548893 -1.9945876682605024 0.0 0.0 0.0 0.0 0.0 0.0 0.0 0.0 0.0 0.0 0.0 0.0 0.8479862779638997 256.85612191632265 22.074553020647407 -2.136224888295548 0.0 0.0 0.0 0.0 0.0 0.0 0.0 0.0 0.0 0.0 0.0 0.0 0.9082496286453174 256.87247498963023 23.47942924499512 -1.8334427901408346 0.0 0.0 0.0 0.0 0.0 0.0 0.0 0.0 0.0 0.0 0.0 0.0 0.8501891337125518 256.85701329103347 40.76439666129279 -2.12381004238514 0.0 0.0 0.0 0.0 0.0 0.0 0.0 0.0 0.0 0.0 0.0 0.0 
251_r.png:0.8943387895334366 256.8822927233004 14.337694395487617 -1.7729631413238185 0.0 0.0 0.0 0.0 0.0 0.0 0.0 0.0 0.0 0.0 0.0 0.0 0.8589921997775373 256.8708228360407 32.58618651849459 -1.9516676145031027 0.0 0.0 0.0 0.0 0.0 0.0 0.0 0.0 0.0 0.0 0.0 0.0 0.9118036526926868 256.8895126426335 6.233789632349837 -1.6450813662245705 0.0 0.0 0.0 0.0 0.0 0.0 0.0 0.0 0.0 0.0 0.0 0.0 0.8588167812126145 256.87319498074305 20.326762070234285 -1.9172001539946746 0.0 0.0 0.0 0.0 0.0 0.0 0.0 0.0 0.0 0.0 0.0 0.0 
252_c.png:0.9497963172157211 256.9034984676066 1.0601570024204179 -1.1555961127879542 0.0 0.0 0.0 0.0 0.0 0.0 0.0 0.0 0.0 0.0 0.0 0.0 0.9392797943586476 256.8990136919929 1.1075757815413714 -1.2190163613553922 0.0 0.0 0.0 0.0 0.0 0.0 0.0 0.0 0.0 0.0 0.0 0.0 0.9595905786118462 256.91184554538245 1.0737899026752988 -1.0719826660500371 0.0 0.0 0.0 0.0 0.0 0.0 0.0 0.0 0.0 0.0 0.0 0.0 0.9392536713590549 256.90062892224785 1.0829530640143448 -1.2027519489569771 0.0 0.0 0.0 0.0 0.0 0.0 0.0 0.0 0.0 0.0 0.0 0.0 
252_l.png:0.9400971667052871 256.8945392281588 1.0594075520833328 -1.2925486830275998 0.0 0.0 0.0 0.0 0.0 0.0 0.0 0.0 0.0 0.0 0.0 0.0 0.9286460407950627 256.89080691340644 1.1148057468431984 -1.3515870661948148 0.0 0.0 0.0 0.0 0.0 0.0 0.0 0.0 0.0 0.0 0.0 0.0 0.9466962601655894 256.9006330817348 1.0893247627917624 -1.2354002465018716 0.0 0.0 0.0 0.0 0.0 0.0 0.0 0.0 0.0 0.0 0.0 0.0 0.927799904092483 256.89136583322534 1.1019983098261354 -1.3464581496407977 0.0 0.0 0.0 0.0 0.0 0.0 0.0 0.0 0.0 0.0 0.0 0.0 
252_r.png:0.9491605678497403 256.90222569585353 1.0818620544087085 -1.1696081605308326 0.0 0.0 0.0 0.0 0.0 0.0 0.0 0.0 0.0 0.0 0.0 0.0 0.9381749879698621 256.89715368669226 1.1167659480060206 -1.2471581755549148 0.0 0.0 0.0 0.0 0.0 0.0 0.0 0.0 0.0 0.0 0.0 0.0 0.9587182363621888 256.91059794646816 1.0902026141131365 -1.0880959143340097 0.0 0.0 0.0 0.0 0.0 0.0 0.0 0.0 0.0 0.0 0.0 0.0 0.9387668522058729 256.899453406784 1.105282129935878 -1.2147425124240776 0.0 0.0 0.0 0.0 0.0 0.0 0.0 0.0 0.0 0.0 0.0 0.0 
253_c.png:0.8888507510276058 256.8683126462645 20.289617660658585 -1.841953995490423 0.0 0.0 0.0 0.0 0.0 0.0 0.0 0.0 0.0 0.0 0.0 0.0 0.8709900596322349 256.8611046738208 75.10934518971297 -1.9691147727033882 0.0 0.0 0.0 0.0 0.0 0.0 0.0 0.0 0.0 0.0 0.0 0.0 0.929603018321914 256.88729573787145 52.97327944378795 -1.6166179857203282 0.0 0.0 0.0 0.0 0.0 0.0 0.0 0.0 0.0 0.0 0.0 0.0 0.880885657242865 256.86541786722876 61.02170162092644 -1.9129391000909148 0.0 0.0 0.0 0.0 0.0 0.0 0.0 0.0 0.0 0.0 0.0 0.0 
253_l.png:0.8906356655026052 256.85905983293605 18.133254497494047 -1.8897540335650147 0.0 0.0 0.0 0.0 0.0 0.0 0.0 0.0 0.0 0.0 0.0 0.0 0.8744339708456066 256.85356776624803 65.31418311215465 -2.0070835237276583 0.0 0.0 0.0 0.0 0.0 0.0 0.0 0.0 0.0 0.0 0.0 0.0 0.9264657675464978 256.8729409222308 55.04316026781812 -1.7110434742890317 0.0 0.0 0.0 0.0 0.0 0.0 0.0 0.0 0.0 0.0 0.0 0.0 0.8824170940350978 256.85497647525415 61.87019699604069 -1.9672519915738604 0.0 0.0 0.0 0.0 0.0 0.0 0.0 0.0 0.0 0.0 0.0 0.0 
253_r.png:0.887361235372944 256.86351762427125 20.038946239907663 -1.8897988599904523 0.0 0.0 0.0 0.0 0.0 0.0 0.0 0.0 0.0 0.0 0.0 0.0 0.869540374171681 256.85629465478576 56.96443168383643 -2.0150104215414286 0.0 0.0 0.0 0.0 0.0 0.0 0.0 0.0 0.0 0.0 0.0 0.0 0.9233453202854255 256.87987206394905 39.6365650700934 -1.6945047345108262 0.0 0.0 0.0 0.0 0.0 0.0 0.0 0.0 0.0 0.0 0.0 0.0 0.8814936367475891 256.8604787173756 46.690676089717634 -1.9609549221172602 0.0 0.0 0.0 0.0 0.0 0.0 0.0 0.0 0.0 0.0 0.0 0.0 
254_c.png:0.882410706239781 256.8697629880052 1.489159403829582 -1.9070836541068226 0.0 0.0 0.0 0.0 0.0 0.0 0.0 0.0 0.0 0.0 0.0 0.0 0.8830724759756673 256.86321576101227 1.7663696620757638 -2.017166466654841 0.0 0.0 0.0 0.0 0.0 0.0 0.0 0.0 0.0 0.0 0.0 0.0 0.9266938374179403 256.8817998748318 1.3388251787350494 -1.7092109135309228 0.0 0.0 0.0 0.0 0.0 0.0 0.0 0.0 0.0 0.0 0.0 0.0 0.8692152560537597 256.8668643812568 1.592778981650447 -1.9293705653400453 0.0 0.0 0.0 0.0 0.0 0.0 0.0 0.0 0.0 0.0 0.0 0.0 
254_l.png:0.8956931530722594 256.8712772826542 1.472405971208434 -1.888135103358924 0.0 0.0 0.0 0.0 0.0 0.0 0.0 0.0 0.0 0.0 0.0 0.0 0.8957750537656228 256.86528588447766 1.8251046231485422 -1.9730443637304422 0.0 0.0 0.0 0.0 0.0 0.0 0.0 0.0 0.0 0.0 0.0 0.0 0.9221272834300903 256.87459457589887 1.4387466995804405 -1.7773172856486388 0.0 0.0 0.0 0.0 0.0 0.0 0.0 0.0 0.0 0.0 0.0 0.0 0.8788774556186354 256.8667676438091 1.6491661597729113 -1.9445704435410864 0.0 0.0 0.0 0.0 0.0 0.0 0.0 0.0 0.0 0.0 0.0 0.0 
254_r.png:0.8663688062410689 256.85927732873176 1.5415441013407343 -2.070551713440759 0.0 0.0 0.0 0.0 0.0 0.0 0.0 0.0 0.0 0.0 0.0 0.0 0.8637063225666775 256.8528432489693 1.8763134606931637 -2.1936184467568145 0.0 0.0 0.0 0.0 0.0 0.0 0.0 0.0 0.0 0.0 0.0 0.0 0.9260458959496871 256.8736497103695 1.284123738606771 -1.8231900115563178 0.0 0.0 0.0 0.0 0.0 0.0 0.0 0.0 0.0 0.0 0.0 0.0 0.8569978895518736 256.8568348444576 1.5570518821598744 -2.076817276128758 0.0 0.0 0.0 0.0 0.0 0.0 0.0 0.0 0.0 0.0 0.0 0.0 
255_c.png:0.9419994062101729 256.90090956804625 1.124489938158962 -1.304310204509388 0.0 0.0 0.0 0.0 0.0 0.0 0.0 0.0 0.0 0.0 0.0 0.0 0.9224855321211013 256.89074505139996 1.14903397890138 -1.4323065840381837 0.0 0.0 0.0 0.0 0.0 0.0 0.0 0.0 0.0 0.0 0.0 0.0 0.9520407343106999 256.9046616879409 1.0538480782214505 -1.2175983249079765 0.0 0.0 0.0 0.0 0.0 0.0 0.0 0.0 0.0 0.0 0.0 0.0 0.9247016568184452 256.89447441482565 1.154925740064883 -1.3903651222844924 0.0 0.0 0.0 0.0 0.0 0.0 0.0 0.0 0.0 0.0 0.0 0.0 
255_l.png:0.9281054483837332 256.8817083293743 1.137658087489862 -1.5193931297279022 0.0 0.0 0.0 0.0 0.0 0.0 0.0 0.0 0.0 0.0 0.0 0.0 0.9114044434972558 256.8732610309313 1.171219830571687 -1.638616272706382 0.0 0.0 0.0 0.0 0.0 0.0 0.0 0.0 0.0 0.0 0.0 0.0 0.9466017232510285 256.8838841555221 1.077021846064815 -1.441589186731729 0.0 0.0 0.0 0.0 0.0 0.0 0.0 0.0 0.0 0.0 0.0 0.0 0.9130406866720735 256.87623256917016 1.1577358323195455 -1.6084816843670937 0.0 0.0 0.0 0.0 0.0 0.0 0.0 0.0 0.0 0.0 0.0 0.0 
255_r.png:0.9418680965898121 256.9000838278937 1.1235672331204378 -1.3115499290973427 0.0 0.0 0.0 0.0 0.0 0.0 0.0 0.0 0.0 0.0 0.0 0.0 0.9250816315657273 256.8898232810802 1.144972261441739 -1.449680555391154 0.0 0.0 0.0 0.0 0.0 0.0 0.0 0.0 0.0 0.0 0.0 0.0 0.9533681933421518 256.9038421738004 1.046465838396991 -1.220775367177035 0.0 0.0 0.0 0.0 0.0 0.0 0.0 0.0 0.0 0.0 0.0 0.0 0.9239693160313597 256.8934146986689 1.1563703872668285 -1.4018185253463782 0.0 0.0 0.0 0.0 0.0 0.0 0.0 0.0 0.0 0.0 0.0 0.0 
256_c.png:0.8626748783454988 256.7734261716214 1.381578530515004 -2.633467415356067 0.0 0.0 0.0 0.0 0.0 0.0 0.0 0.0 0.0 0.0 0.0 0.0 0.8190544692489387 256.7644791379071 1.7099272736959876 -2.8340241788887752 0.0 0.0 0.0 0.0 0.0 0.0 0.0 0.0 0.0 0.0 0.0 0.0 0.9140701930849501 256.7788605618539 1.1095867392457557 -2.4712432360487036 0.0 0.0 0.0 0.0 0.0 0.0 0.0 0.0 0.0 0.0 0.0 0.0 0.8102199436141041 256.76226369297063 1.4739100200223032 -2.87866452486909 0.0 0.0 0.0 0.0 0.0 0.0 0.0 0.0 0.0 0.0 0.0 0.0 
256_l.png:0.8602903052948673 256.7666740994325 1.544211431721411 -2.827562532410517 0.0 0.0 0.0 0.0 0.0 0.0 0.0 0.0 0.0 0.0 0.0 0.0 0.8323247257593785 256.76172278348236 1.8511716460653205 -2.980946843328389 0.0 0.0 0.0 0.0 0.0 0.0 0.0 0.0 0.0 0.0 0.0 0.0 0.9193829954499805 256.7697894531297 1.0774808342074165 -2.641617033952522 0.0 0.0 0.0 0.0 0.0 0.0 0.0 0.0 0.0 0.0 0.0 0.0 0.825018968286152 256.7587234635566 1.5797437929275644 -3.0664262924918164 0.0 0.0 0.0 0.0 0.0 0.0 0.0 0.0 0.0 0.0 0.0 0.0 
256_r.png:0.8258864423402138 256.7606242663081 1.7593506552393818 -3.3676875863868068 0.0 0.0 0.0 0.0 0.0 0.0 0.0 0.0 0.0 0.0 0.0 0.0 0.7552454148050607 256.7534255875098 2.9775317261841336 -3.5985137272576333 0.0 0.0 0.0 0.0 0.0 0.0 0.0 0.0 0.0 0.0 0.0 0.0 0.822895979540222 256.7625623907403 2.4825724848994506 -3.3766036790795173 0.0 0.0 0.0 0.0 0.0 0.0 0.0 0.0 0.0 0.0 0.0 0.0 0.7258558257379731 256.74960687741896 3.4374757443417985 -3.7473713823067185 0.0 0.0 0.0 0.0 0.0 0.0 0.0 0.0 0.0 0.0 0.0 0.0 
257_c.png:0.8065266593931428 256.81331843627606 1.8420078992263524 -3.0876414393374025 0.0 0.0 0.0 0.0 0.0 0.0 0.0 0.0 0.0 0.0 0.0 0.0 0.7948596418706698 256.8053677533161 2.044256078319803 -3.2682687478679533 0.0 0.0 0.0 0.0 0.0 0.0 0.0 0.0 0.0 0.0 0.0 0.0 0.858671552454104 256.82499928929985 3.4451673060287664 -2.892480031457187 0.0 0.0 0.0 0.0 0.0 0.0 0.0 0.0 0.0 0.0 0.0 0.0 0.7900984229679485 256.8099644287454 2.8739329490445047 -3.197956443437845 0.0 0.0 0.0 0.0 0.0 0.0 0.0 0.0 0.0 0.0 0.0 0.0 
257_l.png:0.8015802826363955 256.7987360678557 2.0163654039666024 -3.2716262067167152 0.0 0.0 0.0 0.0 0.0 0.0 0.0 0.0 0.0 0.0 0.0 0.0 0.7916666385751046 256.79261836664034 2.295825354005857 -3.4150710468368985 0.0 0.0 0.0 0.0 0.0 0.0 0.0 0.0 0.0 0.0 0.0 0.0 0.8610799621867338 256.80881588333057 7.433164714295189 -3.0622676264188726 0.0 0.0 0.0 0.0 0.0 0.0 0.0 0.0 0.0 0.0 0.0 0.0 0.7827721959260889 256.7942548236085 4.575162505484747 -3.4066400409243336 0.0 0.0 0.0 0.0 0.0 0.0 0.0 0.0 0.0 0.0 0.0 0.0 
257_r.png:0.8110502088870404 256.81304024882945 1.8221264767240717 -3.0468998610521716 0.0 0.0 0.0 0.0 0.0 0.0 0.0 0.0 0.0 0.0 0.0 0.0 0.7964787011166673 256.8045444953974 2.2497403022229134 -3.2500749255507806 0.0 0.0 0.0 0.0 0.0 0.0 0.0 0.0 0.0 0.0 0.0 0.0 0.8608035669052742 256.82496494186853 2.8197159001856664 -2.853693784565699 0.0 0.0 0.0 0.0 0.0 0.0 0.0 0.0 0.0 0.0 0.0 0.0 0.7927873297626948 256.80980563465386 2.6464187362188265 -3.1479509289326484 0.0 0.0 0.0 0.0 0.0 0.0 0.0 0.0 0.0 0.0 0.0 0.0 
258_c.png:0.8508356201786853 256.86017224882266 15.020140744570492 -2.330846147671773 0.0 0.0 0.0 0.0 0.0 0.0 0.0 0.0 0.0 0.0 0.0 0.0 0.8303123611371251 256.8504121829522 26.479964368528446 -2.515395111279541 0.0 0.0 0.0 0.0 0.0 0.0 0.0 0.0 0.0 0.0 0.0 0.0 0.9021804904147209 256.8668400722208 10.539384214966383 -2.1462901348762187 0.0 0.0 0.0 0.0 0.0 0.0 0.0 0.0 0.0 0.0 0.0 0.0 0.8346410120360855 256.85523617501576 23.7917369647618 -2.427239962010933 0.0 0.0 0.0 0.0 0.0 0.0 0.0 0.0 0.0 0.0 0.0 0.0 
258_l.png:0.8605218081571482 256.85790004496187 29.790553981660345 -2.3017296795353674 0.0 0.0 0.0 0.0 0.0 0.0 0.0 0.0 0.0 0.0 0.0 0.0 0.8372643087638549 256.84940492124815 39.520084676824354 -2.469332871871617 0.0 0.0 0.0 0.0 0.0 0.0 0.0 0.0 0.0 0.0 0.0 0.0 0.9061244317935585 256.8588251145262 17.74434446405482 -2.167796267276605 0.0 0.0 0.0 0.0 0.0 0.0 0.0 0.0 0.0 0.0 0.0 0.0 0.8457262381722542 256.85325956239933 46.514233121229985 -2.3981576401744515 0.0 0.0 0.0 0.0 0.0 0.0 0.0 0.0 0.0 0.0 0.0 0.0 
258_r.png:0.853814465953304 256.85880818399914 15.49583756198558 -2.348625438268022 0.0 0.0 0.0 0.0 0.0 0.0 0.0 0.0 0.0 0.0 0.0 0.0 0.8390652647179361 256.8522038076154 31.285805520458023 -2.4776486962029294 0.0 0.0 0.0 0.0 0.0 0.0 0.0 0.0 0.0 0.0 0.0 0.0 0.9013567270403211 256.8624581398608 6.874214655087317 -2.16866365563393 0.0 0.0 0.0 0.0 0.0 0.0 0.0 0.0 0.0 0.0 0.0 0.0 0.8370075041037632 256.85348469072164 19.46429803481647 -2.4508102436790318 0.0 0.0 0.0 0.0 0.0 0.0 0.0 0.0 0.0 0.0 0.0 0.0 
259_c.png:0.7815177469754719 256.80418095763565 133.88835876044084 -3.4008631518360057 0.0 0.0 0.0 0.0 0.0 0.0 0.0 0.0 0.0 0.0 0.0 0.0 0.7451442561144727 256.7927984064229 118.4201387515859 -3.651718499822577 0.0 0.0 0.0 0.0 0.0 0.0 0.0 0.0 0.0 0.0 0.0 0.0 0.8184870142877957 256.81134048434603 42.72822224652326 -3.240962847789896 0.0 0.0 0.0 0.0 0.0 0.0 0.0 0.0 0.0 0.0 0.0 0.0 0.745605042725252 256.7943881217871 157.94330037713348 -3.6100089876663306 0.0 0.0 0.0 0.0 0.0 0.0 0.0 0.0 0.0 0.0 0.0 0.0 
259_l.png:0.774811853320825 256.7873347475703 120.37113162780912 -3.6315358217030833 0.0 0.0 0.0 0.0 0.0 0.0 0.0 0.0 0.0 0.0 0.0 0.0 0.7347010062178679 256.7780830757145 100.0751032866123 -3.8890591634242777 0.0 0.0 0.0 0.0 0.0 0.0 0.0 0.0 0.0 0.0 0.0 0.0 0.816422499343507 256.7933809723864 30.776276609044018 -3.4536498541790914 0.0 0.0 0.0 0.0 0.0 0.0 0.0 0.0 0.0 0.0 0.0 0.0 0.7404575665334483 256.7774020794519 144.49768305869006 -3.8589762235420055 0.0 0.0 0.0 0.0 0.0 0.0 0.0 0.0 0.0 0.0 0.0 0.0 
259_r.png:0.7840720839998517 256.79714546400817 107.81973060861606 -3.4627374663711583 0.0 0.0 0.0 0.0 0.0 0.0 0.0 0.0 0.0 0.0 0.0 0.0 0.7467998108828721 256.78660673049296 111.36761647285958 -3.685035042135584 0.0 0.0 0.0 0.0 0.0 0.0 0.0 0.0 0.0 0.0 0.0 0.0 0.8160893187477385 256.8039601224808 43.097160542452784 -3.304287897880428 0.0 0.0 0.0 0.0 0.0 0.0 0.0 0.0 0.0 0.0 0.0 0.0 0.7479901776548674 256.788038508053 121.1832098516138 -3.674510075498623 0.0 0.0 0.0 0.0 0.0 0.0 0.0 0.0 0.0 0.0 0.0 0.0 
260_c.png:0.9083877962793713 256.8574673445306 2.2862370128275806 -1.8996441724823534 0.0 0.0 0.0 0.0 0.0 0.0 0.0 0.0 0.0 0.0 0.0 0.0 0.869678100742621 256.84188308841124 3.1374240249047642 -2.137240879580404 0.0 0.0 0.0 0.0 0.0 0.0 0.0 0.0 0.0 0.0 0.0 0.0 0.9016892207104888 256.8604418789429 1.774191927026819 -1.8815823191762118 0.0 0.0 0.0 0.0 0.0 0.0 0.0 0.0 0.0 0.0 0.0 0.0 0.8757513062599741 256.84843906954336 2.8998489751142884 -2.059526386910002 0.0 0.0 0.0 0.0 0.0 0.0 0.0 0.0 0.0 0.0 0.0 0.0 
260_l.png:0.9010964911170205 256.8448435221924 1.952074420616479 -2.049219964463063 0.0 0.0 0.0 0.0 0.0 0.0 0.0 0.0 0.0 0.0 0.0 0.0 0.8647119859970831 256.8323983617279 2.522815513092565 -2.2661819613693237 0.0 0.0 0.0 0.0 0.0 0.0 0.0 0.0 0.0 0.0 0.0 0.0 0.896337521467731 256.8465702254275 2.0729479024439685 -2.0436113002601943 0.0 0.0 0.0 0.0 0.0 0.0 0.0 0.0 0.0 0.0 0.0 0.0 0.8672806752756577 256.83467894211964 2.6090735306318265 -2.2377359950113895 0.0 0.0 0.0 0.0 0.0 0.0 0.0 0.0 0.0 0.0 0.0 0.0 
260_r.png:0.9095862313319738 256.8597577633108 1.8613826012282666 -1.8765595945211684 0.0 0.0 0.0 0.0 0.0 0.0 0.0 0.0 0.0 0.0 0.0 0.0 0.8706736615602284 256.8440432027976 2.3241096678282673 -2.1154803573948553 0.0 0.0 0.0 0.0 0.0 0.0 0.0 0.0 0.0 0.0 0.0 0.0 0.9015042509038462 256.86129600100423 1.4788980484008787 -1.8686537897589963 0.0 0.0 0.0 0.0 0.0 0.0 0.0 0.0 0.0 0.0 0.0 0.0 0.8752368732409789 256.8499062890472 2.152855216441654 -2.0387255878642874 0.0 0.0 0.0 0.0 0.0 0.0 0.0 0.0 0.0 0.0 0.0 0.0 
261_c.png:0.8847292643825481 256.84116183917536 19.046049614602346 -2.317683528371598 0.0 0.0 0.0 0.0 0.0 0.0 0.0 0.0 0.0 0.0 0.0 0.0 0.8220524368214703 256.82432880579904 60.33738765811063 -2.676300477415111 0.0 0.0 0.0 0.0 0.0 0.0 0.0 0.0 0.0 0.0 0.0 0.0 0.8849842778481377 256.8442081328609 20.54623934663372 -2.3068693220640024 0.0 0.0 0.0 0.0 0.0 0.0 0.0 0.0 0.0 0.0 0.0 0.0 0.8386590977565734 256.83297120761574 34.62407832211434 -2.5367405784769246 0.0 0.0 0.0 0.0 0.0 0.0 0.0 0.0 0.0 0.0 0.0 0.0 
261_l.png:0.8891970579546605 256.83301196911555 24.88517220428293 -2.302861731058525 0.0 0.0 0.0 0.0 0.0 0.0 0.0 0.0 0.0 0.0 0.0 0.0 0.8316309522966775 256.81834079418866 72.12814934772346 -2.641925512249652 0.0 0.0 0.0 0.0 0.0 0.0 0.0 0.0 0.0 0.0 0.0 0.0 0.8897887740046307 256.8330580089971 56.531968234497825 -2.3244465174097355 0.0 0.0 0.0 0.0 0.0 0.0 0.0 0.0 0.0 0.0 0.0 0.0 0.8417951098531999 256.82354103918254 78.94187247840159 -2.5600138192920334 0.0 0.0 0.0 0.0 0.0 0.0 0.0 0.0 0.0 0.0 0.0 0.0 
261_r.png:0.898474248390611 256.83963923262206 20.240225613262243 -2.248165649301617 0.0 0.0 0.0 0.0 0.0 0.0 0.0 0.0 0.0 0.0 0.0 0.0 0.8301501292616963 256.822058123088 73.87588886490857 -2.616856509639779 0.0 0.0 0.0 0.0 0.0 0.0 0.0 0.0 0.0 0.0 0.0 0.0 0.8880430578455755 256.8385647364706 8.827601656501674 -2.2823744251893174 0.0 0.0 0.0 0.0 0.0 0.0 0.0 0.0 0.0 0.0 0.0 0.0 0.8484671835835159 256.8309274204943 23.461769951714405 -2.481330667260853 0.0 0.0 0.0 0.0 0.0 0.0 0.0 0.0 0.0 0.0 0.0 0.0 
262_c.png:0.7470682819394043 256.78953176300115 148.3090462928271 -3.7859350040498736 0.0 0.0 0.0 0.0 0.0 0.0 0.0 0.0 0.0 0.0 0.0 0.0 0.6995523255493149 256.774694874574 173.2114758851005 -4.110576385798239 0.0 0.0 0.0 0.0 0.0 0.0 0.0 0.0 0.0 0.0 0.0 0.0 0.803232183545407 256.79917771341644 53.58159033457437 -3.5402094388819414 0.0 0.0 0.0 0.0 0.0 0.0 0.0 0.0 0.0 0.0 0.0 0.0 0.7132013305389968 256.7832143540377 147.74419483670533 -3.9382354591368673 0.0 0.0 0.0 0.0 0.0 0.0 0.0 0.0 0.0 0.0 0.0 0.0 
262_l.png:0.7342068128602497 256.768126848811 132.60842543120125 -4.071691948725646 0.0 0.0 0.0 0.0 0.0 0.0 0.0 0.0 0.0 0.0 0.0 0.0 0.6898623406122474 256.75587075356594 164.64004636434552 -4.394639271772112 0.0 0.0 0.0 0.0 0.0 0.0 0.0 0.0 0.0 0.0 0.0 0.0 0.7974127580934584 256.77804946331935 49.98938953140636 -3.8068564289798528 0.0 0.0 0.0 0.0 0.0 0.0 0.0 0.0 0.0 0.0 0.0 0.0 0.6977845727085387 256.76112603019357 130.6639926226663 -4.257964470005702 0.0 0.0 0.0 0.0 0.0 0.0 0.0 0.0 0.0 0.0 0.0 0.0 
262_r.png:0.7428991257458402 256.77972395006026 131.26880360809847 -3.9116803319312816 0.0 0.0 0.0 0.0 0.0 0.0 0.0 0.0 0.0 0.0 0.0 0.0 0.7005873308380092 256.76633083114564 165.116904121792 -4.197223530516615 0.0 0.0 0.0 0.0 0.0 0.0 0.0 0.0 0.0 0.0 0.0 0.0 0.7993947980710138 256.7900768637668 43.41573613366963 -3.6188103965032017 0.0 0.0 0.0 0.0 0.0 0.0 0.0 0.0 0.0 0.0 0.0 0.0 0.7145008151204922 256.77507750343045 121.71117148666197 -4.030696079078365 0.0 0.0 0.0 0.0 0.0 0.0 0.0 0.0 0.0 0.0 0.0 0.0 
263_c.png:0.65360697513602 256.75475432808787 83.47606686161288 -4.7911870179294915 0.0 0.0 0.0 0.0 0.0 0.0 0.0 0.0 0.0 0.0 0.0 0.0 0.6066567323666796 256.74623247100743 133.3404674148946 -4.967936346501968 0.0 0.0 0.0 0.0 0.0 0.0 0.0 0.0 0.0 0.0 0.0 0.0 0.6839725170020307 256.7619561115244 39.088561149291046 -4.62837868982853 0.0 0.0 0.0 0.0 0.0 0.0 0.0 0.0 0.0 0.0 0.0 0.0 0.604046510790732 256.7426947350974 95.61939207016695 -5.09062819444113 0.0 0.0 0.0 0.0 0.0 0.0 0.0 0.0 0.0 0.0 0.0 0.0 
263_l.png:0.6887867784081284 256.76482020138684 51.294641941809964 -4.4989637151248605 0.0 0.0 0.0 0.0 0.0 0.0 0.0 0.0 0.0 0.0 0.0 0.0 0.645810359240749 256.75687803241215 86.37841584525079 -4.66222407925031 0.0 0.0 0.0 0.0 0.0 0.0 0.0 0.0 0.0 0.0 0.0 0.0 0.7145248571355346 256.76750140111693 30.564567471727912 -4.379405842939359 0.0 0.0 0.0 0.0 0.0 0.0 0.0 0.0 0.0 0.0 0.0 0.0 0.6386016019721921 256.7513770681127 61.20098250451751 -4.812295955621194 0.0 0.0 0.0 0.0 0.0 0.0 0.0 0.0 0.0 0.0 0.0 0.0 
263_r.png:0.6370628989432215 256.7472481589325 58.780558531205045 -4.977000181767926 0.0 0.0 0.0 0.0 0.0 0.0 0.0 0.0 0.0 0.0 0.0 0.0 0.5815359186902694 256.7383010560904 114.30016831316664 -5.174681810489734 0.0 0.0 0.0 0.0 0.0 0.0 0.0 0.0 0.0 0.0 0.0 0.0 0.6686317227332854 256.75376128660446 26.268398449744705 -4.8200615670241795 0.0 0.0 0.0 0.0 0.0 0.0 0.0 0.0 0.0 0.0 0.0 0.0 0.5856641656025784 256.7364163431722 61.8143845316074 -5.262737289895999 0.0 0.0 0.0 0.0 0.0 0.0 0.0 0.0 0.0 0.0 0.0 0.0 
264_c.png:0.6641894439985987 256.71874990318986 29.223263724296913 -4.91381071215466 0.0 0.0 0.0 0.0 0.0 0.0 0.0 0.0 0.0 0.0 0.0 0.0 0.6231500706952247 256.71445662110204 43.72936713193131 -5.0770835767011455 0.0 0.0 0.0 0.0 0.0 0.0 0.0 0.0 0.0 0.0 0.0 0.0 0.775036909972529 256.7309785629635 12.990991351045208 -4.417110589756589 0.0 0.0 0.0 0.0 0.0 0.0 0.0 0.0 0.0 0.0 0.0 0.0 0.6205468894109407 256.71372138292907 29.445458349520276 -5.114815778875415 0.0 0.0 0.0 0.0 0.0 0.0 0.0 0.0 0.0 0.0 0.0 0.0 
264_l.png:0.6866176809189282 256.7214318370636 47.883841236915806 -4.7837146089626215 0.0 0.0 0.0 0.0 0.0 0.0 0.0 0.0 0.0 0.0 0.0 0.0 0.6220368399426951 256.71447162496395 70.59691996485226 -5.020800378880318 0.0 0.0 0.0 0.0 0.0 0.0 0.0 0.0 0.0 0.0 0.0 0.0 0.7667445309480898 256.72783601754435 18.468655397862562 -4.433426853336259 0.0 0.0 0.0 0.0 0.0 0.0 0.0 0.0 0.0 0.0 0.0 0.0 0.6225693980256027 256.71458098662015 52.992060343424484 -5.000722032308124 0.0 0.0 0.0 0.0 0.0 0.0 0.0 0.0 0.0 0.0 0.0 0.0 
264_r.png:0.6356062305271556 256.71221455058037 39.45779609834868 -5.212808053421856 0.0 0.0 0.0 0.0 0.0 0.0 0.0 0.0 0.0 0.0 0.0 0.0 0.5887557780572854 256.70890104408886 58.53407913834814 -5.3963027497173055 0.0 0.0 0.0 0.0 0.0 0.0 0.0 0.0 0.0 0.0 0.0 0.0 0.7456383884516121 256.72401506979276 17.548150424604056 -4.695976205977309 0.0 0.0 0.0 0.0 0.0 0.0 0.0 0.0 0.0 0.0 0.0 0.0 0.6068191051311492 256.7099647467501 37.56025789543948 -5.326126021699999 0.0 0.0 0.0 0.0 0.0 0.0 0.0 0.0 0.0 0.0 0.0 0.0 
265_c.png:0.9405429245947801 256.90307082292117 1.6318246078800596 -1.3054620894162408 0.0 0.0 0.0 0.0 0.0 0.0 0.0 0.0 0.0 0.0 0.0 0.0 0.9094131026000056 256.89044252691326 3.0856152939500467 -1.4922920084701536 0.0 0.0 0.0 0.0 0.0 0.0 0.0 0.0 0.0 0.0 0.0 0.0 0.9332784249197744 256.90567565261216 2.3891285878640627 -1.3174503299453801 0.0 0.0 0.0 0.0 0.0 0.0 0.0 0.0 0.0 0.0 0.0 0.0 0.9152278554384695 256.8954802407503 3.019735022279563 -1.4344173272439338 0.0 0.0 0.0 0.0 0.0 0.0 0.0 0.0 0.0 0.0 0.0 0.0 
265_l.png:0.9296065887230732 256.88425762849073 1.6763453734955547 -1.5024707451683852 0.0 0.0 0.0 0.0 0.0 0.0 0.0 0.0 0.0 0.0 0.0 0.0 0.9015306042398576 256.874787814805 3.5264763542214714 -1.670446115215099 0.0 0.0 0.0 0.0 0.0 0.0 0.0 0.0 0.0 0.0 0.0 0.0 0.9291280630003151 256.8883868225413 2.235038745550462 -1.491091503414571 0.0 0.0 0.0 0.0 0.0 0.0 0.0 0.0 0.0 0.0 0.0 0.0 0.90159424669005 256.87433924845493 3.2564091987950188 -1.6700780448859305 0.0 0.0 0.0 0.0 0.0 0.0 0.0 0.0 0.0 0.0 0.0 0.0 
265_r.png:0.9418574452941847 256.9023978036751 1.790898739953207 -1.3077073598816813 0.0 0.0 0.0 0.0 0.0 0.0 0.0 0.0 0.0 0.0 0.0 0.0 0.9110001050860973 256.8894049882275 3.4798358886952876 -1.5009596018105404 0.0 0.0 0.0 0.0 0.0 0.0 0.0 0.0 0.0 0.0 0.0 0.0 0.9341538661634158 256.90434526970387 2.239312742963249 -1.322462465156848 0.0 0.0 0.0 0.0 0.0 0.0 0.0 0.0 0.0 0.0 0.0 0.0 0.9151816875395038 256.8942323821467 3.3439082434190937 -1.4412265761515237 0.0 0.0 0.0 0.0 0.0 0.0 0.0 0.0 0.0 0.0 0.0 0.0 
266_c.png:0.8897154770862195 256.87358176023406 26.16373229819589 -1.9420247585562813 0.0 0.0 0.0 0.0 0.0 0.0 0.0 0.0 0.0 0.0 0.0 0.0 0.8613033033766683 256.86278404340806 30.012282843099204 -2.105297057318807 0.0 0.0 0.0 0.0 0.0 0.0 0.0 0.0 0.0 0.0 0.0 0.0 0.916152495293844 256.8802213892295 27.212029707284618 -1.8034490598349084 0.0 0.0 0.0 0.0 0.0 0.0 0.0 0.0 0.0 0.0 0.0 0.0 0.8759562820199988 256.8687993320273 35.45275838995792 -2.0294114794253204 0.0 0.0 0.0 0.0 0.0 0.0 0.0 0.0 0.0 0.0 0.0 0.0 
266_l.png:0.8745313134531503 256.85524520219514 20.834103985714503 -2.1769829569331924 0.0 0.0 0.0 0.0 0.0 0.0 0.0 0.0 0.0 0.0 0.0 0.0 0.8485727567404792 256.8461250810916 21.416357176680748 -2.315985717553236 0.0 0.0 0.0 0.0 0.0 0.0 0.0 0.0 0.0 0.0 0.0 0.0 0.9122405213153193 256.8648550158165 26.929271915812546 -1.9899077793700553 0.0 0.0 0.0 0.0 0.0 0.0 0.0 0.0 0.0 0.0 0.0 0.0 0.8669373053953355 256.85008299174103 33.02215133753618 -2.2589098751692025 0.0 0.0 0.0 0.0 0.0 0.0 0.0 0.0 0.0 0.0 0.0 0.0 
266_r.png:0.887928962708464 256.8748212398442 20.001958072040487 -1.9544900258411184 0.0 0.0 0.0 0.0 0.0 0.0 0.0 0.0 0.0 0.0 0.0 0.0 0.8597796701318464 256.8639722728596 22.475791234023482 -2.135963159836718 0.0 0.0 0.0 0.0 0.0 0.0 0.0 0.0 0.0 0.0 0.0 0.0 0.9176030905233752 256.88113327420706 12.264331099427775 -1.811665593137157 0.0 0.0 0.0 0.0 0.0 0.0 0.0 0.0 0.0 0.0 0.0 0.0 0.8689847607616769 256.8697310449443 28.19663726732389 -2.048656532202832 0.0 0.0 0.0 0.0 0.0 0.0 0.0 0.0 0.0 0.0 0.0 0.0 
267_c.png:0.7780930400646033 256.81095517441673 120.36570558138042 -3.04592043607589 0.0 0.0 0.0 0.0 0.0 0.0 0.0 0.0 0.0 0.0 0.0 0.0 0.7712613163383044 256.8081619020412 150.11677359650557 -3.1087075713334174 0.0 0.0 0.0 0.0 0.0 0.0 0.0 0.0 0.0 0.0 0.0 0.0 0.8841894421647029 256.8259624985305 2.648324127550479 -2.635305939251753 0.0 0.0 0.0 0.0 0.0 0.0 0.0 0.0 0.0 0.0 0.0 0.0 0.7597852813751539 256.8014687276314 121.99910167437305 -3.1940233147023753 0.0 0.0 0.0 0.0 0.0 0.0 0.0 0.0 0.0 0.0 0.0 0.0 
267_l.png:0.774387159035882 256.80444518285424 66.7339609336389 -3.226410757421798 0.0 0.0 0.0 0.0 0.0 0.0 0.0 0.0 0.0 0.0 0.0 0.0 0.7692680318006647 256.802636221906 80.920989556104 -3.2687181625843853 0.0 0.0 0.0 0.0 0.0 0.0 0.0 0.0 0.0 0.0 0.0 0.0 0.8779456323908008 256.8127231150241 1.4777081101029002 -2.846880219109732 0.0 0.0 0.0 0.0 0.0 0.0 0.0 0.0 0.0 0.0 0.0 0.0 0.7551801319175107 256.79454713613734 68.00420584450481 -3.384663218681173 0.0 0.0 0.0 0.0 0.0 0.0 0.0 0.0 0.0 0.0 0.0 0.0 
267_r.png:0.7719958918255754 256.8076619067865 63.171114359265495 -3.220228083136136 0.0 0.0 0.0 0.0 0.0 0.0 0.0 0.0 0.0 0.0 0.0 0.0 0.7608648912314524 256.8046614725404 95.69100152340421 -3.275090394054972 0.0 0.0 0.0 0.0 0.0 0.0 0.0 0.0 0.0 0.0 0.0 0.0 0.8633523101983746 256.8169326089517 3.192194594277273 -2.8924845382115176 0.0 0.0 0.0 0.0 0.0 0.0 0.0 0.0 0.0 0.0 0.0 0.0 0.7575952301393301 256.7983116802883 53.545887766866706 -3.374402512335464 0.0 0.0 0.0 0.0 0.0 0.0 0.0 0.0 0.0 0.0 0.0 0.0 
268_c.png:0.8580165850809102 256.82627213963224 1.9046520966392944 -2.4562833814351697 0.0 0.0 0.0 0.0 0.0 0.0 0.0 0.0 0.0 0.0 0.0 0.0 0.8462524747409395 256.82249704632716 2.727269700037294 -2.536869116880884 0.0 0.0 0.0 0.0 0.0 0.0 0.0 0.0 0.0 0.0 0.0 0.0 0.9258406321955228 256.83620918746055 1.0278753586757328 -2.1204272241828175 0.0 0.0 0.0 0.0 0.0 0.0 0.0 0.0 0.0 0.0 0.0 0.0 0.8466681591871682 256.818379332572 1.7948044578137672 -2.591891135690007 0.0 0.0 0.0 0.0 0.0 0.0 0.0 0.0 0.0 0.0 0.0 0.0 
268_l.png:0.8506535912215658 256.81532513743707 2.3661584660761354 -2.715415935961814 0.0 0.0 0.0 0.0 0.0 0.0 0.0 0.0 0.0 0.0 0.0 0.0 0.8333337139000732 256.8112030206941 2.8505724615722716 -2.81788184884592 0.0 0.0 0.0 0.0 0.0 0.0 0.0 0.0 0.0 0.0 0.0 0.0 0.9105163323045271 256.8205183652226 1.0291100019290123 -2.408192394388958 0.0 0.0 0.0 0.0 0.0 0.0 0.0 0.0 0.0 0.0 0.0 0.0 0.8344731201483029 256.80867397470547 2.242387287421432 -2.8107661740060297 0.0 0.0 0.0 0.0 0.0 0.0 0.0 0.0 0.0 0.0 0.0 0.0 
268_r.png:0.8616804010736493 256.82871275800824 1.9757455298306967 -2.4221570471146414 0.0 0.0 0.0 0.0 0.0 0.0 0.0 0.0 0.0 0.0 0.0 0.0 0.8480308631169091 256.8251808892628 2.9953334787415415 -2.5003761666676554 0.0 0.0 0.0 0.0 0.0 0.0 0.0 0.0 0.0 0.0 0.0 0.0 0.922775358857535 256.83664753297404 1.038663510923032 -2.1286372485833382 0.0 0.0 0.0 0.0 0.0 0.0 0.0 0.0 0.0 0.0 0.0 0.0 0.8552785542102757 256.8217480033313 1.7837155629055155 -2.5359397590051747 0.0 0.0 0.0 0.0 0.0 0.0 0.0 0.0 0.0 0.0 0.0 0.0 
270_c.png:0.8007241261993392 256.8042038988913 12.824440234478956 -3.1494181883737644 0.0 0.0 0.0 0.0 0.0 0.0 0.0 0.0 0.0 0.0 0.0 0.0 0.7806971294876879 256.8005475450117 25.597107844129404 -3.2586894925949306 0.0 0.0 0.0 0.0 0.0 0.0 0.0 0.0 0.0 0.0 0.0 0.0 0.8776217538623502 256.8050671307925 20.24035692803654 -2.9808688329652377 0.0 0.0 0.0 0.0 0.0 0.0 0.0 0.0 0.0 0.0 0.0 0.0 0.7761353092253336 256.7966824217725 17.390912974064467 -3.360225914585112 0.0 0.0 0.0 0.0 0.0 0.0 0.0 0.0 0.0 0.0 0.0 0.0 
270_l.png:0.8085982393350097 256.79953059842865 23.478465888525356 -3.2145815231864523 0.0 0.0 0.0 0.0 0.0 0.0 0.0 0.0 0.0 0.0 0.0 0.0 0.7814698023899357 256.7959345955804 37.34906422104245 -3.3245077690438 0.0 0.0 0.0 0.0 0.0 0.0 0.0 0.0 0.0 0.0 0.0 0.0 0.8778550605879905 256.79962263176753 37.224046836664655 -3.003502375156331 0.0 0.0 0.0 0.0 0.0 0.0 0.0 0.0 0.0 0.0 0.0 0.0 0.7844961617581742 256.7923500358248 40.30275691667421 -3.4031991802413057 0.0 0.0 0.0 0.0 0.0 0.0 0.0 0.0 0.0 0.0 0.0 0.0 
270_r.png:0.8141277044067486 256.80919866685247 12.866264429889075 -3.076798474289051 0.0 0.0 0.0 0.0 0.0 0.0 0.0 0.0 0.0 0.0 0.0 0.0 0.7955365482724424 256.8062248122907 34.41764521066569 -3.167883030404228 0.0 0.0 0.0 0.0 0.0 0.0 0.0 0.0 0.0 0.0 0.0 0.0 0.8798614656145045 256.80897491215615 7.31417534675127 -2.901187676788183 0.0 0.0 0.0 0.0 0.0 0.0 0.0 0.0 0.0 0.0 0.0 0.0 0.7862437836168065 256.80089716256725 16.66122920399069 -3.282720780597676 0.0 0.0 0.0 0.0 0.0 0.0 0.0 0.0 0.0 0.0 0.0 0.0 
